{
  "accessors": [
    {
      "bufferView": 2,
      "componentType": 5126,
      "count": 14797,
      "max": [
        15.641839027404785,
        15.69352912902832,
        17.005245208740234
      ],
      "min": [
        -15.930303573608398,
        1.8719863891601562,
        -17.005247116088867
      ],
      "type": "VEC3"
    },
    {
      "bufferView": 2,
      "byteOffset": 177564,
      "componentType": 5126,
      "count": 14797,
      "max": [
        0.99958103895187378,
        0.99999946355819702,
        0.99998050928115845
      ],
      "min": [
        -0.99998563528060913,
        -0.99701404571533203,
        -0.99996292591094971
      ],
      "type": "VEC3"
    },
    {
      "bufferView": 3,
      "componentType": 5126,
      "count": 14797,
      "max": [
        0.99999803304672241,
        0.99999982118606567,
        0.99971067905426025,
        1
      ],
      "min": [
        -0.99999970197677612,
        -1,
        -0.99989479780197144,
        -1
      ],
      "type": "VEC4"
    },
    {
      "bufferView": 1,
      "componentType": 5126,
      "count": 14797,
      "max": [
        0.99853515625,
        0.9985344409942627
      ],
      "min": [
        0.00146484375,
        0.0014655590057373047
      ],
      "type": "VEC2"
    },
    {
      "bufferView": 0,
      "componentType": 5125,
      "count": 69606,
      "max": [
        14796
      ],
      "min": [
        0
      ],
      "type": "SCALAR"
    }
  ],
  "asset": {
    "extras": {
      "author": "OlegYurkov (https://sketchfab.com/OlegYurkov)",
      "license": "CC-BY-4.0 (http://creativecommons.org/licenses/by/4.0/)",
      "source": "https://sketchfab.com/models/6695d36a706846f09df1066daabeb9b7",
      "title": "Car"
    },
    "generator": "Sketchfab-3.19.6",
    "version": "2.0"
  },
  "bufferViews": [
    {
      "buffer": 0,
      "byteLength": 278424,
      "byteOffset": 0,
      "name": "floatBufferViews",
      "target": 34963
    },
    {
      "buffer": 0,
      "byteLength": 118376,
      "byteOffset": 278424,
      "byteStride": 8,
      "name": "floatBufferViews",
      "target": 34962
    },
    {
      "buffer": 0,
      "byteLength": 355128,
      "byteOffset": 396800,
      "byteStride": 12,
      "name": "floatBufferViews",
      "target": 34962
    },
    {
      "buffer": 0,
      "byteLength": 236752,
      "byteOffset": 751928,
      "byteStride": 16,
      "name": "floatBufferViews",
      "target": 34962
    }
  ],
  "buffers": [
    {
      "byteLength": 988680,
      "uri": "scene.bin"
    }
  ],
  "extensionsUsed": [
    "KHR_materials_unlit"
  ],
  "images": [
    {
      "uri": "textures/Material_0_baseColor.jpeg"
    }
  ],
  "materials": [
    {
      "doubleSided": true,
      "emissiveFactor": [
        0,
        0,
        0
      ],
      "extensions": {
        "KHR_materials_unlit": {}
      },
      "name": "Material_0",
      "pbrMetallicRoughness": {
        "baseColorFactor": [
          1,
          1,
          1,
          1
        ],
        "baseColorTexture": {
          "index": 0,
          "texCoord": 0
        },
        "metallicFactor": 0,
        "roughnessFactor": 1
      }
    }
  ],
  "meshes": [
    {
      "name": "mainMeshNode_Material_0_0",
      "primitives": [
        {
          "attributes": {
            "NORMAL": 1,
            "POSITION": 0,
            "TANGENT": 2,
            "TEXCOORD_0": 3
          },
          "indices": 4,
          "material": 0,
          "mode": 4
        }
      ]
    }
  ],
  "nodes": [
    {
      "children": [
        1
      ],
      "name": "RootNode (gltf orientation matrix)",
      "rotation": [
        -0.70710678118654746,
        -0,
        -0,
        0.70710678118654757
      ]
    },
    {
      "children": [
        2
      ],
      "name": "RootNode (model correction matrix)"
    },
    {
      "children": [
        3
      ],
      "matrix": [
        1,
        0,
        0,
        0,
        0,
        0,
        1,
        0,
        0,
        -1,
        0,
        0,
        0,
        0,
        0,
        1
      ],
      "name": "c7c542886bc5466b81b14b07e922490d.fbx"
    },
    {
      "children": [
        4,
        6,
        8,
        10,
        12,
        14,
        16,
        18,
        20,
        22,
        24,
        26,
        28,
        30,
        32,
        34,
        36,
        38,
        40,
        42,
        44,
        46,
        48,
        50,
        52,
        54,
        56,
        58,
        60,
        62,
        64,
        66,
        68,
        70,
        72,
        74,
        76,
        78,
        80,
        82,
        84,
        86,
        88,
        90,
        92,
        94,
        96,
        98,
        100,
        102
      ],
      "name": "RootNode"
    },
    {
      "children": [
        5
      ],
      "matrix": [
        0.67255476872937014,
        -0.30694522302207017,
        -0.6733904611169621,
        0,
        0.69919302944796913,
        -0.034597001313982911,
        0.71409534032330135,
        0,
        -0.242485444162644,
        -0.95109814297159245,
        0.19134558214192832,
        0,
        -18.563896179199219,
        16.165267944335938,
        21.492385864257812,
        1
      ],
      "name": "IMG_0093_jpg"
    },
    {
      "name": ""
    },
    {
      "children": [
        7
      ],
      "matrix": [
        0.83458074043017205,
        -0.31026119309101424,
        -0.45520652429942854,
        0,
        0.47131368996324724,
        -0.025647427558076918,
        0.88159265826847788,
        0,
        -0.28519886633059033,
        -0.95030532015841818,
        0.12482549868657644,
        0,
        -22.285598754882812,
        16.646333694458008,
        16.589984893798828,
        1
      ],
      "name": "IMG_0094_jpg"
    },
    {
      "name": ""
    },
    {
      "children": [
        9
      ],
      "matrix": [
        0.90925401758289148,
        -0.36123008046801203,
        -0.20680899514877116,
        0,
        0.19105829433128679,
        -0.079219810869088025,
        0.97837669112315095,
        0,
        -0.36980246034415487,
        -0.92910551097867222,
        -0.0030149282695033364,
        0,
        -23.485824584960938,
        16.672721862792969,
        9.5064868927001953,
        1
      ],
      "name": "IMG_0095_jpg"
    },
    {
      "name": ""
    },
    {
      "children": [
        11
      ],
      "matrix": [
        0.9157409472453697,
        -0.39749251546442077,
        0.058465525636226395,
        0,
        -0.092747139883125135,
        -0.06755593126913606,
        0.99339527087351287,
        0,
        -0.39091749203847737,
        -0.91511523662330474,
        -0.098730026426715689,
        0,
        -20.894908905029297,
        16.303956985473633,
        3.2906589508056641,
        1
      ],
      "name": "IMG_0096_jpg"
    },
    {
      "name": ""
    },
    {
      "children": [
        13
      ],
      "matrix": [
        0.83297610586610715,
        -0.41283766853785286,
        0.36839634429831924,
        0,
        -0.40636966778592609,
        -0.0045865444575330372,
        0.91369724565279009,
        0,
        -0.3755189744336388,
        -0.91079307367050655,
        -0.17158518815486112,
        0,
        -18.811168670654297,
        16.396413803100586,
        -1.7522900104522705,
        1
      ],
      "name": "IMG_0097_jpg"
    },
    {
      "name": ""
    },
    {
      "children": [
        15
      ],
      "matrix": [
        0.76717623187116557,
        -0.36420887041064909,
        0.52800807566377106,
        0,
        -0.55838764006113295,
        0.025891488427202125,
        0.82917602127291568,
        0,
        -0.31566417705992272,
        -0.93095731886119404,
        -0.18350639710881644,
        0,
        -16.910634994506836,
        16.201114654541016,
        -7.3218183517456055,
        1
      ],
      "name": "IMG_0098_jpg"
    },
    {
      "name": ""
    },
    {
      "children": [
        17
      ],
      "matrix": [
        0.49926483888114592,
        -0.34178510533358653,
        0.79618940110321268,
        0,
        -0.83494096476520907,
        0.055771882690893504,
        0.54750623965216605,
        0,
        -0.23153445966837261,
        -0.93812176121931123,
        -0.25752544556383627,
        0,
        -13.578822135925293,
        16.309169769287109,
        -12.897968292236328,
        1
      ],
      "name": "IMG_0099_jpg"
    },
    {
      "name": ""
    },
    {
      "children": [
        19
      ],
      "matrix": [
        0.41479722358005011,
        -0.33306710933666195,
        0.84676417259376402,
        0,
        -0.89158334069604384,
        0.037076932645172755,
        0.4513362910944646,
        0,
        -0.18172069200716784,
        -0.94217387022977095,
        -0.28157767729827343,
        0,
        -11.84869384765625,
        16.342708587646484,
        -16.157405853271484,
        1
      ],
      "name": "IMG_0100_jpg"
    },
    {
      "name": ""
    },
    {
      "children": [
        21
      ],
      "matrix": [
        0.27970150079465406,
        -0.35488989080665956,
        0.89208757185405041,
        0,
        -0.94739064444287147,
        0.048588094717038621,
        0.31637029549862766,
        0,
        -0.1556214550611163,
        -0.93364466605609953,
        -0.32262919934447298,
        0,
        -8.9189023971557617,
        15.961002349853516,
        -17.174106597900391,
        1
      ],
      "name": "IMG_0101_jpg"
    },
    {
      "name": ""
    },
    {
      "children": [
        23
      ],
      "matrix": [
        0.21926650171962681,
        -0.33989727580184836,
        0.91454471904118451,
        0,
        -0.9684280712146216,
        0.038136185734399364,
        0.24635888906463094,
        0,
        -0.11861396253040646,
        -0.93968903007330762,
        -0.32080407518097642,
        0,
        -7.4809589385986328,
        15.839975357055664,
        -19.147304534912109,
        1
      ],
      "name": "IMG_0102_jpg"
    },
    {
      "name": ""
    },
    {
      "children": [
        25
      ],
      "matrix": [
        0.10631539680131918,
        -0.43029404021083206,
        0.89640619997968374,
        0,
        -0.99151557317700523,
        0.021933548318285201,
        0.12812411016527775,
        0,
        -0.074792409711499863,
        -0.90242227278431475,
        -0.4243113680215731,
        0,
        -4.4096074104309082,
        15.472356796264648,
        -19.422204971313477,
        1
      ],
      "name": "IMG_0103_jpg"
    },
    {
      "name": ""
    },
    {
      "children": [
        27
      ],
      "matrix": [
        -0.017874696306401372,
        -0.46694621389010454,
        0.88410504385262445,
        0,
        -0.99945994201780297,
        0.032730688985618928,
        -0.0029199829274613731,
        0,
        -0.027573892248355603,
        -0.88367976967463946,
        -0.46727908698555387,
        0,
        -2.2845053672790527,
        15.256149291992188,
        -20.698904037475586,
        1
      ],
      "name": "IMG_0104_jpg"
    },
    {
      "name": ""
    },
    {
      "children": [
        29
      ],
      "matrix": [
        -0.055116104938666144,
        -0.49111258094673393,
        0.86935070472866571,
        0,
        -0.99829417793947528,
        0.010309625189114047,
        -0.057466911528351539,
        0,
        0.01926004331608161,
        -0.87103509944450441,
        -0.49084305665575512,
        0,
        -0.78035402297973633,
        15.359461784362793,
        -21.193904876708984,
        1
      ],
      "name": "IMG_0105_jpg"
    },
    {
      "name": ""
    },
    {
      "children": [
        31
      ],
      "matrix": [
        -0.16371007803273807,
        -0.45706692687849376,
        0.87423614355868673,
        0,
        -0.98337221599699665,
        0.0050005717646580683,
        -0.18153258409217626,
        0,
        0.078600859764199504,
        -0.88941824730318886,
        -0.45028556073724224,
        0,
        2.2024059295654297,
        15.348645210266113,
        -22.643405914306641,
        1
      ],
      "name": "IMG_0106_jpg"
    },
    {
      "name": ""
    },
    {
      "children": [
        33
      ],
      "matrix": [
        -0.12168704319575196,
        -0.43745203595381205,
        0.8909702462810638,
        0,
        -0.99015731463275847,
        -0.0090297784485420252,
        -0.1396673024741813,
        0,
        0.069143009751668594,
        -0.89919640754455576,
        -0.43204752616054343,
        0,
        2.7564234733581543,
        15.377902030944824,
        -23.172504425048828,
        1
      ],
      "name": "IMG_0107_jpg"
    },
    {
      "name": ""
    },
    {
      "children": [
        35
      ],
      "matrix": [
        -0.32183712545069021,
        -0.42453554181318209,
        0.84628035450376848,
        0,
        -0.93460289651023343,
        -0.00053152668597600261,
        -0.35569248419676192,
        0,
        0.15145392208958514,
        -0.90541111723723033,
        -0.39660108202942634,
        0,
        6.1558856964111328,
        15.126738548278809,
        -22.376504898071289,
        1
      ],
      "name": "IMG_0108_jpg"
    },
    {
      "name": ""
    },
    {
      "children": [
        37
      ],
      "matrix": [
        -0.30435407648578749,
        -0.40224200006536609,
        0.86346393642693497,
        0,
        -0.93886305269338166,
        -0.026488449115108725,
        -0.34327034586567617,
        0,
        0.16094957102691582,
        -0.91515011634534071,
        -0.36958828463489146,
        0,
        8.0049562454223633,
        15.064332008361816,
        -23.141204833984375,
        1
      ],
      "name": "IMG_0109_jpg"
    },
    {
      "name": ""
    },
    {
      "children": [
        39
      ],
      "matrix": [
        -0.36371008769778412,
        -0.34275977877564012,
        0.86615859180668786,
        0,
        -0.92077520075245778,
        -0.0084834894573297959,
        -0.39000135908211714,
        0,
        0.14102482684315309,
        -0.93938477976828083,
        -0.31251917341749946,
        0,
        10.382671356201172,
        15.187561988830566,
        -22.212604522705078,
        1
      ],
      "name": "IMG_0110_jpg"
    },
    {
      "name": ""
    },
    {
      "children": [
        41
      ],
      "matrix": [
        -0.52496321313362349,
        -0.39774444754381588,
        0.75247124815801869,
        0,
        -0.82447489856187439,
        0.018140984503557833,
        -0.56560767880451268,
        0,
        0.21131674448043336,
        -0.91731688043407689,
        -0.33745366255663134,
        0,
        12.197246551513672,
        14.965245246887207,
        -21.798404693603516,
        1
      ],
      "name": "IMG_0111_jpg"
    },
    {
      "name": ""
    },
    {
      "children": [
        43
      ],
      "matrix": [
        -0.54355541075210789,
        -0.33707608246865406,
        0.76871791319683214,
        0,
        -0.82211882663751057,
        0.029056139839806705,
        -0.56857398430263451,
        0,
        0.16931671603911447,
        -0.94102893439319635,
        -0.29291021543219542,
        0,
        15.450276374816895,
        15.194025039672852,
        -21.296405792236328,
        1
      ],
      "name": "IMG_0112_jpg"
    },
    {
      "name": ""
    },
    {
      "children": [
        45
      ],
      "matrix": [
        -0.63343719579994051,
        -0.42523835953421296,
        0.64647479189660517,
        0,
        -0.71095799407241544,
        -0.0099488367530009558,
        -0.70316409984568273,
        0,
        0.30544402047123931,
        -0.90502671685863145,
        -0.29602464784279614,
        0,
        16.034612655639648,
        15.120549201965332,
        -17.80030632019043,
        1
      ],
      "name": "IMG_0113_jpg"
    },
    {
      "name": ""
    },
    {
      "children": [
        47
      ],
      "matrix": [
        -0.73115154699489437,
        -0.41764349904417897,
        0.53943611580344508,
        0,
        -0.5969976364513091,
        0.0090129804300087546,
        -0.80219236362316437,
        0,
        0.33016849849512225,
        -0.90856627380169874,
        -0.25592203639306499,
        0,
        17.511312484741211,
        15.122903823852539,
        -15.584806442260742,
        1
      ],
      "name": "IMG_0114_jpg"
    },
    {
      "name": ""
    },
    {
      "children": [
        49
      ],
      "matrix": [
        -0.75574722908479841,
        -0.37657692775143159,
        0.53575735479407349,
        0,
        -0.57328506089810105,
        -0.014987526962435105,
        -0.81921890419265286,
        0,
        0.31652861589706266,
        -0.9262641046272081,
        -0.20455914498610528,
        0,
        19.733161926269531,
        15.109807014465332,
        -14.104778289794922,
        1
      ],
      "name": "IMG_0115_jpg"
    },
    {
      "name": ""
    },
    {
      "children": [
        51
      ],
      "matrix": [
        -0.76484786899916468,
        -0.36079726467586093,
        0.53369754645290735,
        0,
        -0.56670809071052508,
        -0.017136401748135244,
        -0.82374042249871271,
        0,
        0.30634894680848468,
        -0.93248682432383101,
        -0.19135998863866233,
        0,
        20.359582901000977,
        15.2099609375,
        -13.532398223876953,
        1
      ],
      "name": "IMG_0116_jpg"
    },
    {
      "name": ""
    },
    {
      "children": [
        53
      ],
      "matrix": [
        -0.22137179771232707,
        -0.20038066081637412,
        0.95438048908619555,
        0,
        -0.97494329328446594,
        0.067464949394143936,
        -0.21197654465266991,
        0,
        -0.021911231303884893,
        -0.97739248583874361,
        -0.21029461849678621,
        0,
        11.415756225585938,
        7.6234822273254395,
        -22.445505142211914,
        1
      ],
      "name": "IMG_0117_jpg"
    },
    {
      "name": ""
    },
    {
      "children": [
        55
      ],
      "matrix": [
        -0.32596486927243062,
        -0.15860738145045117,
        0.93198208274067085,
        0,
        -0.94535423984869404,
        0.062224505339703695,
        -0.32005229593822182,
        0,
        -0.0072294674980388218,
        -0.9853790181877532,
        -0.17022316327408138,
        0,
        9.5245800018310547,
        7.8022232055664062,
        -24.154205322265625,
        1
      ],
      "name": "IMG_0118_jpg"
    },
    {
      "name": ""
    },
    {
      "children": [
        57
      ],
      "matrix": [
        -0.27383259513449065,
        -0.13452519955018594,
        0.95232278169110951,
        0,
        -0.96172216788473208,
        0.027690523284044644,
        -0.27262374569972253,
        0,
        0.010304447632030533,
        -0.99052319791423282,
        -0.13695843439803301,
        0,
        8.3932037353515625,
        7.537653923034668,
        -24.91960334777832,
        1
      ],
      "name": "IMG_0119_jpg"
    },
    {
      "name": ""
    },
    {
      "children": [
        59
      ],
      "matrix": [
        0.30438407418887348,
        -0.23774552456200965,
        0.9224030577415262,
        0,
        -0.95095469235815067,
        -0.019834158903750065,
        0.30869366566645928,
        0,
        -0.055095448652291767,
        -0.97112495163666546,
        -0.23212242426462604,
        0,
        -2.9111161231994629,
        11.451078414916992,
        -28.221702575683594,
        1
      ],
      "name": "IMG_0120_jpg"
    },
    {
      "name": ""
    },
    {
      "children": [
        61
      ],
      "matrix": [
        0.54950373009474474,
        -0.07977574284543848,
        0.83167390332113977,
        0,
        -0.83445127257006746,
        -0.0027515374863742448,
        0.55107486129169081,
        0,
        -0.041674024501564488,
        -0.99680903883086847,
        -0.06808095024985672,
        0,
        -6.5718269348144531,
        9.2424297332763672,
        -21.87370491027832,
        1
      ],
      "name": "IMG_0121_jpg"
    },
    {
      "name": ""
    },
    {
      "children": [
        63
      ],
      "matrix": [
        0.5103195706366026,
        -0.049509981096622024,
        0.85855849981063359,
        0,
        -0.85953016657307035,
        0.0030957150124190091,
        0.51107563950890078,
        0,
        -0.02796119768793337,
        -0.99876883127196858,
        -0.040975518343058237,
        0,
        -7.5571575164794922,
        9.3500967025756836,
        -21.658805847167969,
        1
      ],
      "name": "IMG_0122_jpg"
    },
    {
      "name": ""
    },
    {
      "children": [
        65
      ],
      "matrix": [
        0.45599837077607996,
        -0.06734118531000538,
        0.88742923695954723,
        0,
        -0.88763771256525725,
        0.037892335746580685,
        0.45898089516186419,
        0,
        -0.064535084113050312,
        -0.99701019836946103,
        -0.042495732324665303,
        0,
        -9.4368381500244141,
        9.7942647933959961,
        -21.295904159545898,
        1
      ],
      "name": "IMG_0123_jpg"
    },
    {
      "name": ""
    },
    {
      "children": [
        67
      ],
      "matrix": [
        0.63129834130348894,
        -0.34703005151009841,
        0.69356509976811975,
        0,
        -0.75094456092189454,
        -0.050091710047613924,
        0.65846266940983755,
        0,
        -0.1937644722060437,
        -0.93651533032481871,
        -0.29222314312406716,
        0,
        -14.505843162536621,
        14.406501770019531,
        -17.682506561279297,
        1
      ],
      "name": "IMG_0124_jpg"
    },
    {
      "name": ""
    },
    {
      "children": [
        69
      ],
      "matrix": [
        0.81837134401973788,
        -0.33044717242720412,
        0.47018401665964094,
        0,
        -0.46901498176426615,
        0.088761563009124078,
        0.87871857372701678,
        0,
        -0.3321043362679762,
        -0.93964144819555673,
        -0.082344754932929032,
        0,
        -17.935064315795898,
        15.671001434326172,
        -11.519807815551758,
        1
      ],
      "name": "IMG_0125_jpg"
    },
    {
      "name": ""
    },
    {
      "children": [
        71
      ],
      "matrix": [
        0.8629257584373079,
        -0.39372602184864186,
        0.31676324778079878,
        0,
        -0.31149861870006296,
        0.079134814835904232,
        0.94694577016260006,
        0,
        -0.39790419195247206,
        -0.9158152110552269,
        -0.054357641841054072,
        0,
        -19.001073837280273,
        15.774266242980957,
        -6.4780588150024414,
        1
      ],
      "name": "IMG_0126_jpg"
    },
    {
      "name": ""
    },
    {
      "children": [
        73
      ],
      "matrix": [
        0.86898855422264742,
        -0.41824904063917662,
        0.26443644346882555,
        0,
        -0.2924787385619893,
        -0.0030814548215050142,
        0.95626706108982473,
        0,
        -0.39914293194195549,
        -0.90832716828276783,
        -0.12500670078115084,
        0,
        -15.165486335754395,
        19.915210723876953,
        3.820798397064209,
        1
      ],
      "name": "IMG_0127_jpg"
    },
    {
      "name": ""
    },
    {
      "children": [
        75
      ],
      "matrix": [
        0.90923366177389675,
        -0.39244537311151839,
        0.1388552390822623,
        0,
        -0.15256818407725733,
        -0.0038005032464079047,
        0.98828563957109195,
        0,
        -0.38732040677531987,
        -0.91976746262217568,
        -0.063330223408461173,
        0,
        -14.4561767578125,
        19.649541854858398,
        0.56476879119873047,
        1
      ],
      "name": "IMG_0128_jpg"
    },
    {
      "name": ""
    },
    {
      "children": [
        77
      ],
      "matrix": [
        0.88120820947975942,
        -0.38618340656136452,
        0.2726434815691296,
        0,
        -0.29099384156068753,
        0.011393948707552615,
        0.95665707654655585,
        0,
        -0.37255157457623228,
        -0.92235164358801325,
        -0.10233655188279767,
        0,
        -14.258279800415039,
        19.42376708984375,
        -2.09017014503479,
        1
      ],
      "name": "IMG_0129_jpg"
    },
    {
      "name": ""
    },
    {
      "children": [
        79
      ],
      "matrix": [
        0.83786771087688505,
        -0.41282438758108042,
        0.35714664227489884,
        0,
        -0.39100217699300976,
        0.0026757667894515835,
        0.92038586356963115,
        0,
        -0.38091337159078015,
        -0.91080671126776092,
        -0.15917329566529026,
        0,
        -13.971114158630371,
        19.544984817504883,
        -4.1500005722045898,
        1
      ],
      "name": "IMG_0130_jpg"
    },
    {
      "name": ""
    },
    {
      "children": [
        81
      ],
      "matrix": [
        0.70835990917803859,
        -0.41981104551586362,
        0.5674371552270423,
        0,
        -0.61473453214652451,
        0.028152068465977398,
        0.78823151169417272,
        0,
        -0.34688282467697151,
        -0.90717481617600293,
        -0.23813054999340411,
        0,
        -11.938652992248535,
        19.259735107421875,
        -6.6011290550231934,
        1
      ],
      "name": "IMG_0131_jpg"
    },
    {
      "name": ""
    },
    {
      "children": [
        83
      ],
      "matrix": [
        0.49101816172737922,
        -0.44822471494477101,
        0.7469911443695596,
        0,
        -0.83332927647188015,
        0.008240870061325567,
        0.55271548289828587,
        0,
        -0.25389659672535614,
        -0.89388293023936383,
        -0.36947236053319443,
        0,
        -10.045223236083984,
        18.730195999145508,
        -9.6291885375976562,
        1
      ],
      "name": "IMG_0132_jpg"
    },
    {
      "name": ""
    },
    {
      "children": [
        85
      ],
      "matrix": [
        0.34835858898689231,
        -0.46411228162092732,
        0.81439921631082035,
        0,
        -0.90815473738932884,
        0.048083055146727727,
        0.41586415181532049,
        0,
        -0.23216646277268504,
        -0.88447035555544407,
        -0.40473562198952262,
        0,
        -7.2906665802001953,
        18.520206451416016,
        -11.432037353515625,
        1
      ],
      "name": "IMG_0133_jpg"
    },
    {
      "name": ""
    },
    {
      "children": [
        87
      ],
      "matrix": [
        0.23235110069378095,
        -0.45209927381631065,
        0.86117316064839888,
        0,
        -0.9572063188118719,
        0.050774987748219536,
        0.28491746848130134,
        0,
        -0.17253703727899594,
        -0.89052127837235462,
        -0.42095465733621928,
        0,
        -5.1284151077270508,
        18.577407836914062,
        -14.399276733398438,
        1
      ],
      "name": "IMG_0134_jpg"
    },
    {
      "name": ""
    },
    {
      "children": [
        89
      ],
      "matrix": [
        0.095372718662178446,
        -0.46535726985046005,
        0.87996969034865691,
        0,
        -0.98718641421229791,
        0.06939529250492027,
        0.14369160369632622,
        0,
        -0.12793368645376585,
        -0.8823983821242436,
        -0.45277595684274896,
        0,
        -2.7209715843200684,
        18.495742797851562,
        -14.456317901611328,
        1
      ],
      "name": "IMG_0135_jpg"
    },
    {
      "name": ""
    },
    {
      "children": [
        91
      ],
      "matrix": [
        0.18140840123252833,
        -0.44446955886425837,
        0.87723303814053288,
        0,
        -0.9754202935429539,
        0.032137623941135285,
        0.21799638545626343,
        0,
        -0.12508494276624837,
        -0.89521728332870665,
        -0.42771459259970879,
        0,
        -1.3384650945663452,
        18.602890014648438,
        -14.110797882080078,
        1
      ],
      "name": "IMG_0136_jpg"
    },
    {
      "name": ""
    },
    {
      "children": [
        93
      ],
      "matrix": [
        -0.030667634359946128,
        -0.36791691799011167,
        -0.92935280580596646,
        0,
        0.99597185398017429,
        0.067131691657329018,
        -0.059442426384864522,
        0,
        0.084258900313613272,
        -0.9274321955980841,
        0.36437612474757142,
        0,
        1.7760732173919678,
        16.017799377441406,
        24.007682800292969,
        1
      ],
      "name": "IMG_0137_jpg"
    },
    {
      "name": ""
    },
    {
      "children": [
        95
      ],
      "matrix": [
        -0.075983482529947022,
        -0.29565784655611704,
        -0.95226726718522725,
        0,
        0.99706818652266582,
        -0.031178278010570937,
        -0.069878082434323807,
        0,
        -0.0090300502226645651,
        -0.95478497723314393,
        0.29716006703943409,
        0,
        2.2562179565429688,
        13.178652763366699,
        25.072483062744141,
        1
      ],
      "name": "IMG_0138_jpg"
    },
    {
      "name": ""
    },
    {
      "children": [
        97
      ],
      "matrix": [
        0.076519855521104296,
        -0.31458337415673032,
        -0.94614058808149426,
        0,
        0.99702439189039604,
        0.015260854193026474,
        0.075561023715173203,
        0,
        -0.0093313282342400994,
        -0.94910716309248544,
        0.31481505567542212,
        0,
        -0.68866169452667236,
        12.966856956481934,
        24.427484512329102,
        1
      ],
      "name": "IMG_0139_jpg"
    },
    {
      "name": ""
    },
    {
      "children": [
        99
      ],
      "matrix": [
        0.056874080739660937,
        -0.34242524129397744,
        -0.93782210096839791,
        0,
        0.98929939164252434,
        -0.1070834872945472,
        0.099095108075877847,
        0,
        -0.13435792732753005,
        -0.93342277713456301,
        0.33267080799290194,
        0,
        -3.0570461750030518,
        13.111274719238281,
        24.09498405456543,
        1
      ],
      "name": "IMG_0140_jpg"
    },
    {
      "name": ""
    },
    {
      "children": [
        101
      ],
      "matrix": [
        0.14421089692118183,
        -0.33619432722138037,
        -0.93068608647242157,
        0,
        0.97376376388178398,
        -0.1190967074351339,
        0.19390746872900849,
        0,
        -0.17603223954710573,
        -0.93423195654091895,
        0.31019881047121522,
        0,
        -5.7602462768554688,
        12.970658302307129,
        22.886585235595703,
        1
      ],
      "name": "IMG_0141_jpg"
    },
    {
      "name": ""
    },
    {
      "children": [
        103
      ],
      "name": "mainMeshNode"
    },
    {
      "mesh": 0,
      "name": "mainMeshNode_Material_0_0"
    }
  ],
  "samplers": [
    {
      "magFilter": 9729,
      "minFilter": 9987,
      "wrapS": 10497,
      "wrapT": 10497
    }
  ],
  "scene": 0,
  "scenes": [
    {
      "name": "OSG_Scene",
      "nodes": [
        0
      ]
    }
  ],
  "textures": [
    {
      "sampler": 0,
      "source": 0
    }
  ]
}

